[D3DRender]
Angle=0.000000
Curvature=66.000000
Shininess=8.000000
Bright=30.000000
Light=1
LightX=-0.500000
LightY=-0.500000
Filter=1
Project=0
Effect=0
